33 351

0 1 25
0 2 150
0 3 11
0 4 41
0 5 76
0 6 43
0 7 127
0 8 78
0 9 168
0 10 93
0 11 119
0 12 157
0 13 194
0 14 209
0 15 154
0 16 134
0 17 116
0 18 100
0 19 180
0 20 153
0 21 116
0 22 162
0 23 139
0 24 192
0 25 163
0 31 213
1 2 125
1 3 33
1 4 17
1 5 51
1 6 31
1 7 103
1 8 64
1 9 145
1 10 80
1 11 100
1 12 136
1 13 172
1 14 187
1 15 135
1 16 117
1 17 104
1 18 98
1 19 161
1 20 137
1 21 113
1 22 147
1 23 131
1 24 175
1 25 151
1 31 198
2 3 157
2 4 110
2 5 75
2 6 123
2 7 50
2 8 111
2 9 62
2 10 116
2 11 90
2 12 81
2 13 89
2 14 95
2 15 93
2 16 105
2 17 125
2 18 160
2 19 104
2 20 113
2 21 166
2 22 127
2 23 156
2 24 134
2 25 148
2 31 164
3 4 47
3 5 82
3 6 44
3 7 131
3 8 77
3 9 171
3 10 91
3 11 120
3 12 159
3 13 196
3 14 212
3 15 155
3 16 133
3 17 114
3 18 94
3 19 181
3 20 153
3 21 110
3 22 161
3 23 135
3 24 191
3 25 160
3 31 211
4 5 35
4 6 25
4 7 86
4 8 51
4 9 128
4 10 67
4 11 85
4 12 119
4 13 155
4 14 170
4 15 119
4 16 102
4 17 92
4 18 92
4 19 144
4 20 122
4 21 106
4 22 132
4 23 121
4 24 160
4 25 138
4 31 184
5 6 49
5 7 54
5 8 51
5 9 96
5 10 65
5 11 66
5 12 92
5 13 125
5 14 138
5 15 95
5 16 85
5 17 85
5 18 102
5 19 119
5 20 103
5 21 114
5 22 116
5 23 119
5 24 139
5 25 128
5 31 166
6 7 90
6 8 35
6 9 129
6 10 50
6 11 76
6 12 115
6 13 153
6 14 169
6 15 112
6 16 91
6 17 74
6 18 68
6 19 138
6 20 110
6 21 82
6 22 119
6 23 100
6 24 148
6 25 121
6 31 170
7 8 67
7 9 42
7 10 69
7 11 40
7 12 42
7 13 71
7 14 84
7 15 50
7 16 56
7 17 75
7 18 112
7 19 70
7 20 67
7 21 117
7 22 81
7 23 106
7 24 95
7 25 100
7 31 125
8 9 101
8 10 16
8 11 43
8 12 84
8 13 123
8 14 139
8 15 79
8 16 56
8 17 41
8 18 52
8 19 104
8 20 76
8 21 63
8 22 84
8 23 71
8 24 114
8 25 88
8 31 135
9 10 97
9 11 62
9 12 27
9 13 30
9 14 42
9 15 41
9 16 65
9 17 93
9 18 137
9 19 43
9 20 63
9 21 137
9 22 75
9 23 117
9 24 74
9 25 98
9 31 103
10 11 36
10 12 77
10 13 115
10 14 132
10 15 69
10 16 43
10 17 25
10 18 44
10 19 94
10 20 62
10 21 51
10 22 69
10 23 55
10 24 100
10 25 72
10 31 120
11 12 41
11 13 80
11 14 97
11 15 36
11 16 20
11 17 35
11 18 76
11 19 61
11 20 38
11 21 78
11 22 50
11 23 66
11 24 75
11 25 64
11 31 101
12 13 39
12 14 56
12 15 14
12 16 40
12 17 68
12 18 113
12 19 27
12 20 36
12 21 112
12 22 49
12 23 90
12 24 54
12 25 72
12 31 84
13 14 17
13 15 48
13 16 76
13 17 105
13 18 150
13 19 32
13 20 66
13 21 148
13 22 73
13 23 122
13 24 59
13 25 96
13 31 85
14 15 65
14 16 93
14 17 122
14 18 167
14 19 47
14 20 82
14 21 164
14 22 89
14 23 138
14 24 71
14 25 111
14 31 94
15 16 28
15 17 57
15 18 102
15 19 26
15 20 22
15 21 100
15 22 35
15 23 76
15 24 45
15 25 58
15 31 75
16 17 29
16 18 74
16 19 51
16 20 20
16 21 73
16 22 31
16 23 52
16 24 58
16 25 45
16 31 82
17 18 45
17 19 79
17 20 44
17 21 44
17 22 47
17 23 34
17 24 79
17 25 47
17 31 97
18 19 123
18 20 88
18 21 16
18 22 88
18 23 45
18 24 120
18 25 77
18 31 131
19 20 36
19 21 119
19 22 42
19 23 91
19 24 31
19 25 64
19 31 60
20 21 83
20 22 14
20 23 56
20 24 38
20 25 36
20 31 63
21 22 81
21 23 34
21 24 112
21 25 67
21 31 120
22 23 50
22 24 32
22 25 23
22 31 52
23 24 80
23 25 34
23 31 86
24 25 47
24 31 30
25 31 54
